id,Status_C,Status_CL,Status_D
15000,0.111860671807097,0.0034582360999990632,0.8846810920929038
15001,0.927805822191711,0.0072957013423846084,0.06489847646590435
15002,0.7629625453730395,0.023770627471168017,0.21326682715579245
15003,0.9665149245578575,0.002776188233958575,0.030708887208184064
15004,0.600077450476994,0.09122806105243231,0.30869448847057374
15005,0.7467145191983544,0.013942749119661616,0.23934273168198397
15006,0.189590173823321,0.005530143374043112,0.8048796828026359
15007,0.02158122822014608,0.002931290972222463,0.9754874808076315
15008,0.758740161297617,0.009558527333110725,0.23170131136927236
15009,0.9553515093889594,0.015473862825160688,0.02917462778587989
15010,0.2829485159136858,0.0497633853959121,0.6672880986904021
15011,0.926545127694037,0.011104845308605449,0.062350026997357554
15012,0.07946839030364677,0.03826418214611764,0.8822674275502356
15013,0.9297970815479756,0.021362865531305012,0.04884005292071939
15014,0.09743601488188147,0.004785661420134517,0.8977783236979839
15015,0.9584769253528584,0.009349238732390842,0.032173835914750704
15016,0.9492850439386167,0.003148802807548598,0.04756615325383471
15017,0.8776018694773532,0.04168379118791854,0.08071433933472821
15018,0.8681380319146162,0.03838505595919746,0.09347691212618618
15019,0.5300248813327824,0.03630554932246886,0.43366956934474876
15020,0.9366094825115026,0.0027410203535294625,0.060649497134968006
15021,0.9315408392415224,0.030503674602914286,0.037955486155563246
15022,0.01664081343129527,0.016532977189583613,0.9668262093791211
15023,0.9183024436968412,0.004723682658530878,0.07697387364462797
15024,0.8816638810319325,0.013927868481859063,0.10440825048620841
15025,0.9738672393632888,0.0018092855790116467,0.024323475057699506
15026,0.01430686376234864,0.012605714586283215,0.9730874216513681
15027,0.09995981445448145,0.07160169932159902,0.8284384862239195
15028,0.005896669574765162,0.0009861164880772537,0.9931172139371574
15029,0.8787287912251679,0.01123085759340781,0.11004035118142433
15030,0.03335237175689527,0.02221827731347016,0.9444293509296346
15031,0.16500137917783672,0.0053745185341056495,0.8296241022880576
15032,0.10021441476652095,0.01809678810507771,0.8816887971284013
15033,0.04562114645609247,0.0036154499582473844,0.9507634035856601
15034,0.9401691434700952,0.0065777616802932615,0.05325309484961158
15035,0.8675848184933505,0.011891043915024732,0.12052413759162478
15036,0.822131542413223,0.05830703492473344,0.11956142266204356
15037,0.07023846188431446,0.013863561731403807,0.9158979763842817
15038,0.9296629321463398,0.026495492424760906,0.043841575428899306
15039,0.8023420559324747,0.01092444825011026,0.18673349581741508
15040,0.057948381989105985,0.024711128682824633,0.9173404893280693
15041,0.73142238910449,0.05424133080755997,0.21433628008795005
15042,0.21892295159780592,0.022026250104586486,0.7590507982976076
15043,0.20340161463080206,0.040774526561799404,0.7558238588073986
15044,0.4192071095143177,0.008289704047003155,0.5725031864386791
15045,0.9548193292781297,0.006605129644367072,0.038575541077503245
15046,0.5690478247821732,0.008803771522316827,0.42214840369551
15047,0.9644124226059322,0.005513850896137244,0.03007372649793058
15048,0.957864761851599,0.006688177799386072,0.03544706034901502
15049,0.007347700709118823,0.0015502252015766383,0.9911020740893046
15050,0.49588474969814117,0.09993178554776229,0.40418346475409656
15051,0.9638529024081908,0.004958305445245846,0.03118879214656335
15052,0.9528016437499592,0.01679736241185707,0.030400993838183715
15053,0.933122149635413,0.014001156904276965,0.05287669346031008
15054,0.022440194939188488,0.003680311516423262,0.9738794935443883
15055,0.10538747834367507,0.06263369008371585,0.8319788315726091
15056,0.6340409161701185,0.19020838326846776,0.17575070056141362
15057,0.9774476210092727,0.0033119689942516938,0.019240409996475562
15058,0.8321596130063674,0.009878972278692364,0.15796141471494027
15059,0.8751245278136843,0.01372000278997534,0.11115546939634036
15060,0.5198239495591596,0.30178643164788843,0.17838961879295193
15061,0.8731683082277072,0.05263643737580329,0.07419525439648947
15062,0.03013085777247758,0.009562137961742606,0.9603070042657799
15063,0.21765449403248213,0.7423059555092534,0.04003955045826456
15064,0.19663299547428734,0.005477766932891151,0.7978892375928215
15065,0.934809899521906,0.0138514938068446,0.05133860667124943
15066,0.7366758954234913,0.11094318139127637,0.1523809231852323
15067,0.758005504809833,0.01142916036448483,0.23056533482568223
15068,0.5530311439776513,0.006756167368562783,0.4402126886537858
15069,0.867382492006192,0.06930647924089478,0.06331102875291321
15070,0.9024434946821788,0.03533195245500832,0.06222455286281288
15071,0.9401806054239535,0.03673000824842749,0.02308938632761896
15072,0.9579643626310348,0.004768414170627829,0.03726722319833739
15073,0.31221491922707123,0.019826413851346307,0.6679586669215825
15074,0.08041451490312432,0.015004944149982668,0.904580540946893
15075,0.7276160112188197,0.004678316341568804,0.2677056724396115
15076,0.7440280041301848,0.18685006553688913,0.06912193033292618
15077,0.9138300957472616,0.003952609121771468,0.08221729513096691
15078,0.49500925768192816,0.03849656666856591,0.4664941756495059
15079,0.8183648742938862,0.009326216608693273,0.17230890909742064
15080,0.9165177942456559,0.008456022141034171,0.07502618361330991
15081,0.8135818403549916,0.06432873313301905,0.12208942651198937
15082,0.07896008792359749,0.015028676142224503,0.906011235934178
15083,0.9569806252450133,0.009004963906765789,0.03401441084822089
15084,0.9611100022344986,0.013175244031197842,0.025714753734303583
15085,0.7426584766399159,0.009228531015265969,0.24811299234481818
15086,0.5404653494106199,0.09170552057305545,0.3678291300163246
15087,0.6266320087228415,0.11325958307527934,0.2601084082018792
15088,0.9695689127371727,0.0043537495209550695,0.02607733774187222
15089,0.7706016599869946,0.012636483286264912,0.21676185672674042
15090,0.9731947857548663,0.002087122997670713,0.024718091247463086
15091,0.7320535381387924,0.006122302448163342,0.2618241594130444
15092,0.9248605230237287,0.035989121656364136,0.03915035531990722
15093,0.03197901103352562,0.023286173805282546,0.9447348151611918
15094,0.8925624784207127,0.03085230208744896,0.0765852194918384
15095,0.9583656364711459,0.005683380878179118,0.03595098265067501
15096,0.8014667854963323,0.007028155294405748,0.19150505920926195
15097,0.9193807356434777,0.006611681707738019,0.07400758264878426
15098,0.9115523014717009,0.008868280652345257,0.07957941787595388
15099,0.9634774565289222,0.002017239319499134,0.03450530415157863
15100,0.9455540644136973,0.006852504820092289,0.04759343076621047
15101,0.06538944197083667,0.009827328856493995,0.9247832291726693
15102,0.7914705122423886,0.006626577308358897,0.2019029104492524
15103,0.9317201360132212,0.027356690235800056,0.04092317375097866
15104,0.9047514138040444,0.007655271990382898,0.08759331420557273
15105,0.9484175968852713,0.024927258216383596,0.026655144898345227
15106,0.9682014609258084,0.0034236373979191575,0.028374901676272477
15107,0.8477836948471745,0.010327271460870481,0.14188903369195502
15108,0.9257464596058358,0.03763242730305626,0.03662111309110795
15109,0.8448323015306826,0.042818519498942886,0.11234917897037461
15110,0.8774970308019687,0.031845783314440164,0.09065718588359109
15111,0.041504498122842605,0.021282857431840867,0.9372126444453165
15112,0.9015713376253629,0.025054239657378484,0.07337442271725865
15113,0.9486131931176659,0.004380606545831503,0.04700620033650258
15114,0.9608414555444751,0.005999998476722486,0.03315854597880247
15115,0.13354822305936614,0.005823533614627396,0.8606282433260065
15116,0.9725362299568,0.003052146673326395,0.024411623369873712
15117,0.4202469212822005,0.11716236394569429,0.4625907147721052
15118,0.021585269015299238,0.051938676430297114,0.9264760545544036
15119,0.9341120036686941,0.02253884679119719,0.043349149540108774
15120,0.09400902445120754,0.008415016433596425,0.897575959115196
15121,0.9212436444725387,0.019314280658037128,0.059442074869424204
15122,0.6099893734455193,0.1157249999342897,0.27428562662019107
15123,0.9371159677603912,0.0059841975580517655,0.056899834681557016
15124,0.616877864473968,0.17500739823025552,0.20811473729577648
15125,0.46205994332809414,0.0224588184759818,0.5154812381959242
15126,0.7321020838093492,0.018789343638652502,0.24910857255199825
15127,0.9014370443703318,0.00624978885742726,0.09231316677224093
15128,0.033652454684861374,0.007821004075133604,0.9585265412400049
15129,0.7356959492617386,0.027976992392653877,0.23632705834560744
15130,0.7090917383537874,0.018565271310402368,0.2723429903358103
15131,0.5786594804763439,0.027250097671814546,0.3940904218518415
15132,0.26675149195068987,0.006114083278663036,0.7271344247706472
15133,0.929381411415187,0.009230484995988662,0.06138810358882435
15134,0.9361932414522655,0.016770623267724445,0.0470361352800101
15135,0.9112767913829364,0.0067234910676727995,0.08199971754939088
15136,0.012285090711681641,0.0037358342190149042,0.9839790750693034
15137,0.970685220394756,0.012713259181203727,0.016601520424040166
15138,0.9052806990887327,0.014455581368140073,0.08026371954312728
15139,0.21274751644388434,0.463013712999137,0.32423877055697864
15140,0.8495267187428922,0.027832315686881173,0.12264096557022659
15141,0.9704974801708987,0.002656163918626402,0.02684635591047484
15142,0.522744958624285,0.1370779995792463,0.34017704179646874
15143,0.7089002190860806,0.022705517176862085,0.26839426373705727
15144,0.9335634465870765,0.011048732986483883,0.0553878204264397
15145,0.9418507762900896,0.006321027564985677,0.051828196144924656
15146,0.6220255009233365,0.01029127717510936,0.367683221901554
15147,0.9080951979244617,0.005789783218859861,0.08611501885667848
15148,0.9569507277928454,0.006679589777539898,0.03636968242961469
15149,0.047303260712131985,0.010975106419968303,0.9417216328678997
15150,0.8364523720519145,0.019158602865528396,0.14438902508255705
15151,0.9624754558343818,0.007891196801524886,0.029633347364093312
15152,0.8330428034761346,0.09883494439716288,0.06812225212670253
15153,0.18190578747806913,0.03629363976140001,0.7818005727605308
15154,0.9594838705730249,0.01189812383678636,0.02861800559018878
15155,0.40871931760284486,0.09112889020512888,0.5001517921920262
15156,0.6316742821517284,0.08227649365920278,0.28604922418906875
15157,0.9282351698339949,0.00826221704336273,0.06350261312264238
15158,0.32868569338760334,0.014328483155968687,0.656985823456428
15159,0.9632710180436552,0.004809950161845079,0.0319190317944997
15160,0.32195207083630784,0.0030732231297583967,0.6749747060339337
15161,0.45418572503164656,0.019140574660928045,0.5266737003074253
15162,0.9426763102002496,0.00532617350169416,0.05199751629805629
15163,0.05003020020562167,0.01732862690391509,0.9326411728904632
15164,0.9637763623927461,0.013561920707511728,0.022661716899742133
15165,0.9310869291659661,0.0059841754586077035,0.0629288953754262
15166,0.928401944528311,0.007848348607181047,0.06374970686450794
15167,0.8854014569315678,0.0019829546781467877,0.11261558839028542
15168,0.9080110321805971,0.010827257766138952,0.08116171005326393
15169,0.9563347019596499,0.021613610306883118,0.02205168773346704
15170,0.9483463745836295,0.004647134674524933,0.04700649074184558
15171,0.0647124337043806,0.00997294534762171,0.9253146209479977
15172,0.08462474996101918,0.03757731449985868,0.877797935539122
15173,0.9506030929178798,0.012718603935671088,0.036678303146449175
15174,0.7605008812914643,0.1262231453032338,0.11327597340530188
15175,0.9590757217940522,0.012652372708541096,0.02827190549740667
15176,0.9179528479091054,0.031613663745834644,0.05043348834505999
15177,0.9809367356047455,0.011359280536010805,0.00770398385924365
15178,0.04708166772330428,0.010995147574834871,0.9419231847018609
15179,0.971330596740602,0.00958500342561298,0.019084399833785105
15180,0.14873443380652876,0.011720194868183778,0.8395453713252874
15181,0.6688453982792774,0.014934160652100544,0.3162204410686221
15182,0.047063440261019746,0.004644087332864964,0.9482924724061152
15183,0.9386434972253567,0.009214455753402928,0.05214204702124041
15184,0.2050825544842148,0.008978966426370449,0.7859384790894147
15185,0.040455135363521876,0.005005535034413854,0.9545393296020642
15186,0.2907315833830446,0.35690251971339476,0.3523658969035606
15187,0.9707479211755884,0.012596203743544497,0.0166558750808672
15188,0.960387002190888,0.01615408109924073,0.023458916709871252
15189,0.9049970167345729,0.0075738960061514605,0.08742908725927562
15190,0.8938678880565483,0.016961337972429796,0.08917077397102191
15191,0.9687871186818378,0.008111660520442385,0.02310122079771993
15192,0.9480820946513802,0.02012250490207784,0.03179540044654206
15193,0.9759578770299668,0.0046625612958025925,0.01937956167423043
15194,0.05962946614270696,0.015176523279071465,0.9251940105782216
15195,0.9022466948186936,0.017551407008043005,0.0802018981732634
15196,0.9652193943361419,0.0026977605428134877,0.03208284512104452
15197,0.9576451527062285,0.006106927353299546,0.03624791994047196
15198,0.86278939422693,0.016497644176770764,0.1207129615962992
15199,0.9299677439852571,0.006897053211091617,0.06313520280365131
15200,0.76744233426233,0.0236345531303852,0.20892311260728483
15201,0.9466479707731699,0.02246791194166383,0.030884117285166296
15202,0.8143169614377976,0.023061615003734857,0.1626214235584675
15203,0.9241896339071262,0.0048245635406090346,0.07098580255226476
15204,0.9675939825145804,0.01751914730692956,0.01488687017848997
15205,0.9696947562047951,0.007406920456886321,0.022898323338318625
15206,0.014112304196696915,0.001448098087752664,0.9844395977155503
15207,0.8626150973054235,0.0037626039156819896,0.13362229877889442
15208,0.5707983821305829,0.27584214758391623,0.1533594702855009
15209,0.05703617267008204,0.001977415284693694,0.9409864120452243
15210,0.8695216171814522,0.08121710564333355,0.049261277175214314
15211,0.9513535352790485,0.005837694749863847,0.04280876997108761
15212,0.017896765117895345,0.003059210755864155,0.9790440241262406
15213,0.6215435983026691,0.009793485525808084,0.3686629161715228
15214,0.7697368545196477,0.03347163534451732,0.19679151013583496
15215,0.9613608985155181,0.0057444413828307995,0.03289466010165099
15216,0.8431146430751468,0.007992452165419718,0.14889290475943343
15217,0.884573812919194,0.02201131862112551,0.09341486845968047
15218,0.8819765347421755,0.03847923929423506,0.07954422596358939
15219,0.9005882126544162,0.00674301222379098,0.09266877512179275
15220,0.11829392080706892,0.2480345899746882,0.6336714892182429
15221,0.9586228638488534,0.0068045436242527135,0.034572592526893896
15222,0.9028348239713995,0.011228263485821658,0.08593691254277892
15223,0.9609661387604878,0.013212699699939932,0.025821161539572337
15224,0.9729807758446003,0.0015274103343261812,0.025491813821073423
15225,0.933730231933047,0.003210971419512844,0.06305879664744016
15226,0.9550812836854177,0.0028284824138670867,0.04209023390071527
15227,0.7411198947406107,0.018630975333598095,0.24024912992579123
15228,0.529198402262074,0.21067905110297366,0.2601225466349523
15229,0.10550907253274147,0.0041600189417717775,0.8903309085254867
15230,0.9859213969525209,0.0031015241592950646,0.010977078888183937
15231,0.9035529107238374,0.006774475473922138,0.08967261380224055
15232,0.5934256554758479,0.008938829363935417,0.3976355151602167
15233,0.7284573610999738,0.06930172427394164,0.20224091462608446
15234,0.9021193565495847,0.003459496074948316,0.09442114737546693
15235,0.9583837025481636,0.006199794287493523,0.035416503164342854
15236,0.19500103859941212,0.014700934412073695,0.7902980269885143
15237,0.6739838572018626,0.021556866514066703,0.3044592762840707
15238,0.9572185876164393,0.009201035251876714,0.03358037713168399
15239,0.7635053587039182,0.021692278753565906,0.21480236254251592
15240,0.024379631106334027,0.005433867921165139,0.9701865009725009
15241,0.9425237485493743,0.007021861278874161,0.05045439017175161
15242,0.6768084068456258,0.033684212857276755,0.2895073802970974
15243,0.783414148406515,0.14187783875042248,0.07470801284306247
15244,0.9586847950236144,0.005508843605901674,0.035806361370483916
15245,0.5251489354504772,0.020953135032992672,0.45389792951653
15246,0.9381317280317463,0.004041441943571682,0.05782683002468204
15247,0.9441360875558824,0.0194091072711709,0.03645480517294658
15248,0.9359564303219442,0.0072188782652807355,0.0568246914127751
15249,0.9559327917325933,0.0077536576838046255,0.03631355058360207
15250,0.6897588028240744,0.04516415188653386,0.26507704528939174
15251,0.9585537096269394,0.011455905611314042,0.02999038476174648
15252,0.9147601964230964,0.008238302514960235,0.07700150106194346
15253,0.9610673245131494,0.004516800602314654,0.034415874884536034
15254,0.007678155534696556,0.0008647416888802493,0.9914571027764231
15255,0.42426232530107294,0.2993315634188138,0.27640611128011333
15256,0.056664286323561595,0.006136612897472012,0.9371991007789664
15257,0.6881622799362309,0.04070400701954101,0.2711337130442282
15258,0.9288352213811066,0.029150400922709013,0.042014377696184435
15259,0.9867531684450264,0.001346400769817152,0.0119004307851566
15260,0.9669480901309445,0.0033706920035472894,0.02968121786550826
15261,0.9244629971308737,0.01939774082423389,0.05613926204489245
15262,0.11389456443928421,0.015461804208641709,0.870643631352074
15263,0.17633303870883243,0.011684250004751782,0.8119827112864157
15264,0.9136807519254936,0.00726293311026027,0.07905631496424613
15265,0.9743901989371249,0.0032414215542451727,0.022368379508629917
15266,0.9646002045251989,0.014394855236182847,0.02100494023861827
15267,0.7994207148291211,0.016731228144764004,0.18384805702611487
15268,0.8908123931775943,0.012956359861090441,0.09623124696131528
15269,0.8475121343030089,0.04181663073521316,0.11067123496177791
15270,0.9520641620316052,0.012885312128978088,0.03505052583941676
15271,0.956567509617963,0.0022369523124532113,0.04119553806958374
15272,0.9340508356467183,0.0036432772391772022,0.06230588711410446
15273,0.9373427761420274,0.00864740000581453,0.05400982385215807
15274,0.9485218983687133,0.010330665565590876,0.041147436065695854
15275,0.956897292899111,0.021695197269971586,0.021407509830917482
15276,0.9087321986754565,0.0026301471029384483,0.08863765422160501
15277,0.047957218898305815,0.00876573054745478,0.9432770505542395
15278,0.9689025375009528,0.0025030768660118195,0.02859438563303531
15279,0.43053017669020455,0.005123521130489998,0.5643463021793054
15280,0.5822506260640458,0.008333965702248461,0.4094154082337058
15281,0.9533539382265307,0.009229824973619042,0.037416236799850296
15282,0.9503038859192562,0.027708703868847804,0.021987410211895986
15283,0.9332616262309655,0.006998925935147944,0.059739447833886454
15284,0.26007761492367465,0.0977466468114298,0.6421757382648956
15285,0.0377855052423343,0.005608282593448033,0.9566062121642177
15286,0.891768701444933,0.004068359626957997,0.104162938928109
15287,0.6426355293656156,0.021915337222646276,0.33544913341173804
15288,0.9031180626865464,0.004522475751624982,0.09235946156182862
15289,0.07056288429284056,0.0035137794602469307,0.9259233362469125
15290,0.940114791686107,0.009013547113582206,0.05087166120031084
15291,0.12951777494735967,0.06121717202642198,0.8092650530262183
15292,0.9563023244006533,0.008940340416259794,0.03475733518308687
15293,0.8083037164461833,0.010684717571039745,0.18101156598277704
15294,0.9790866868635305,0.004856865323415639,0.01605644781305385
15295,0.9713803309777636,0.008749305993994632,0.01987036302824181
15296,0.7928405741344215,0.04990043350505439,0.157258992360524
15297,0.08937664730700563,0.021610481537103543,0.8890128711558908
15298,0.8511362799558442,0.012181494953699846,0.13668222509045605
15299,0.9474677100058443,0.0061108852947839,0.04642140469937172
15300,0.15612904102599356,0.01083362680073325,0.8330373321732732
15301,0.948284581373601,0.005813786034623741,0.04590163259177522
15302,0.860187736509276,0.009135600321806072,0.13067666316891785
15303,0.5901770719246352,0.11066931293112728,0.2991536151442376
15304,0.6988750778107748,0.023681412238493755,0.27744350995073136
15305,0.09089365682183866,0.0075003744070245735,0.9016059687711367
15306,0.9165723078479111,0.00677034964800029,0.07665734250408864
15307,0.9374033660170098,0.013919850332229632,0.048676783650760565
15308,0.9004348561992069,0.017686291363520273,0.0818788524372728
15309,0.9340326446604514,0.011317984374086529,0.05464937096546197
15310,0.9566830245936987,0.006680537547023888,0.036636437859277435
15311,0.9154137904851842,0.026907469749884363,0.05767873976493145
15312,0.9476119851286755,0.006761141032972089,0.04562687383835245
15313,0.8918559072106237,0.017269566997207192,0.09087452579216904
15314,0.9386069069988896,0.01205259059999015,0.04934050240112027
15315,0.9499731695461028,0.012079458971577773,0.03794737148231935
15316,0.911583428809785,0.005824094912713842,0.0825924762775011
15317,0.9632719732248921,0.010691554435687811,0.026036472339420157
15318,0.47719808192016255,0.026730752247220917,0.4960711658326165
15319,0.7048215522168699,0.007871522409179554,0.2873069253739506
15320,0.04569759105024315,0.009950821775557091,0.9443515871741998
15321,0.22103667692151568,0.0419891936600999,0.7369741294183845
15322,0.6846409940667935,0.005884322030454453,0.30947468390275207
15323,0.9651771138771947,0.0034889588778586303,0.03133392724494657
15324,0.8229989258318023,0.10835223147327919,0.06864884269491849
15325,0.8282798921488379,0.01972988783924446,0.15199022001191767
15326,0.8613386770994564,0.04075256238732953,0.09790876051321398
15327,0.3504271431693034,0.06223311354743024,0.5873397432832664
15328,0.11602810646348888,0.004887754775468565,0.8790841387610425
15329,0.8615335414062131,0.011211829831110335,0.12725462876267657
15330,0.6176127531724982,0.042224999299650484,0.3401622475278513
15331,0.8611279067070354,0.0060829679913769995,0.13278912530158746
15332,0.9179317352249498,0.012379931999618586,0.06968833277543168
15333,0.7876105026119056,0.049287973177856145,0.16310152421023824
15334,0.6997914197482922,0.046606876786572805,0.253601703465135
15335,0.16021557400888445,0.018012593245676403,0.8217718327454392
15336,0.42154475001999797,0.026426348825152556,0.5520289011548495
15337,0.9186451297762578,0.007006371122016353,0.07434849910172586
15338,0.011468968562970026,0.0009872484744922188,0.9875437829625378
15339,0.2501317896711149,0.011916599477808331,0.7379516108510767
15340,0.965077680236148,0.00200410173554157,0.03291821802831032
15341,0.17946501564848288,0.05804357900251618,0.762491405349001
15342,0.9591649216642641,0.0026315942691175257,0.038203484066618235
15343,0.2440788403266803,0.044962784470204235,0.7109583752031154
15344,0.957699964822742,0.016770170075606217,0.02552986510165171
15345,0.8792873016255629,0.020716172650645088,0.09999652572379208
15346,0.9469709799383947,0.006497549505925764,0.046531470555679494
15347,0.03350910274585679,0.010433127048262627,0.9560577702058805
15348,0.03370585788731435,0.009919234322751633,0.9563749077899341
15349,0.9290364121242697,0.006262006717227409,0.06470158115850291
15350,0.08057144289439222,0.004761930745360527,0.9146666263602473
15351,0.6753478085375285,0.03838863594815386,0.2862635555143176
15352,0.9057301325072518,0.03696688531173264,0.05730298218101559
15353,0.9337343319654171,0.007634849317299979,0.05863081871728285
15354,0.8084455943878486,0.055045677165024634,0.13650872844712683
15355,0.9727291753782876,0.006451867822417032,0.02081895679929548
15356,0.927935100824477,0.005035126205198003,0.06702977297032496
15357,0.8432355763674101,0.004926887841744017,0.1518375357908459
15358,0.945677082379585,0.004405058458873391,0.049917859161541595
15359,0.11654534735785269,0.017294364554120707,0.8661602880880266
15360,0.02396256845460711,0.006313370254031192,0.9697240612913617
15361,0.9496163587263504,0.0048932457617583735,0.045490395511891234
15362,0.07351359995176009,0.0184145001470462,0.9080718999011937
15363,0.9551629799936251,0.007236762374713028,0.03760025763166188
15364,0.36628840772032994,0.016772034705161414,0.6169395575745086
15365,0.939641403396337,0.0032897337902347587,0.05706886281342831
15366,0.12231425375502897,0.02044832656251531,0.8572374196824557
15367,0.9693095907000303,0.011220705347180577,0.019469703952789047
15368,0.07723679948952973,0.008900486223198953,0.9138627142872714
15369,0.9559696458771288,0.0043933161468368166,0.03963703797603425
15370,0.3935224430297846,0.022432937948491376,0.584044619021724
15371,0.9421031196947004,0.009254317249348401,0.04864256305595123
15372,0.7579899384295328,0.003722455109522373,0.23828760646094488
15373,0.9734187690512829,0.0022483386537545808,0.024332892294962584
15374,0.9752757219026524,0.0014708072475062511,0.02325347084984129
15375,0.9543112568520894,0.009987312543511803,0.035701430604398884
15376,0.8680934074214732,0.011255880872738018,0.12065071170578874
15377,0.46644511827155494,0.01738805105815536,0.5161668306702897
15378,0.7147508491474239,0.10537790479504977,0.1798712460575263
15379,0.9157121827405105,0.009191350948772548,0.07509646631071694
15380,0.9039273174115177,0.011737200449834196,0.08433548213864811
15381,0.9755971211677849,0.002380390846998623,0.022022487985216596
15382,0.04180905472872893,0.008847605524328443,0.9493433397469426
15383,0.6889428080937385,0.005514304040731174,0.30554288786553024
15384,0.5120930686266486,0.023855687731300316,0.464051243642051
15385,0.008588158185019748,0.0016043108189043053,0.989807530996076
15386,0.9132401686118915,0.006420948347219015,0.08033888304088946
15387,0.9135138070662011,0.013041731872849438,0.07344446106094951
15388,0.9556367906170571,0.01585656702805155,0.028506642354891348
15389,0.9710427753385538,0.008134439573550145,0.020822785087896138
15390,0.8579874353005603,0.059682439584540045,0.08233012511489969
15391,0.9227652314095248,0.010514058172363226,0.06672071041811194
15392,0.04369656779775873,0.009793844713532398,0.946509587488709
15393,0.743524023974552,0.011545756761608504,0.24493021926383954
15394,0.9598040395435109,0.007385243894583738,0.032810716561905394
15395,0.5549050345023185,0.005786754530964169,0.43930821096671724
15396,0.9609682965511367,0.009280965736991345,0.02975073771187199
15397,0.07218415817367907,0.031120412564329986,0.8966954292619909
15398,0.731956877596958,0.005982313998024833,0.26206080840501705
15399,0.008904254665745995,0.001607579060203876,0.9894881662740501
15400,0.9515726132061949,0.004302748286064702,0.04412463850774037
15401,0.9397880964964491,0.008006602571669685,0.052205300931881235
15402,0.05871131966342483,0.0063938180066053325,0.9348948623299698
15403,0.9440523432294683,0.009595938653371907,0.04635171811715978
15404,0.9523548769280995,0.010317392370984687,0.037327730700915766
15405,0.3139564061369693,0.009902505588668736,0.6761410882743619
15406,0.9643191501370085,0.002653947290827883,0.033026902572163654
15407,0.9303249623459748,0.023873533978528032,0.0458015036754972
15408,0.826474649932196,0.006804253356090209,0.16672109671171384
15409,0.884144783366796,0.01133417035240481,0.10452104628079914
15410,0.07282084794189905,0.016377331462181538,0.9108018205959194
15411,0.5877598378589326,0.010879968175244744,0.4013601939658227
15412,0.9410644213623268,0.0028552697498061305,0.05608030888786713
15413,0.696572567673683,0.0724958267497628,0.23093160557655407
15414,0.9465613291135885,0.0073888538937427525,0.04604981699266881
15415,0.981367188351178,0.0059317837669443825,0.012701027881877797
15416,0.09084083798921729,0.007185410436194085,0.9019737515745886
15417,0.8660159112167306,0.019142389331233942,0.11484169945203547
15418,0.9621020093391011,0.005149460273664279,0.03274853038723468
15419,0.9368030270405311,0.004776576511724014,0.05842039644774487
15420,0.8099201435757656,0.0824330325729434,0.10764682385129098
15421,0.029320725138500016,0.00778452910237834,0.9628947457591217
15422,0.4206431187234425,0.021768547486731977,0.5575883337898255
15423,0.8119850501594208,0.01684144400245103,0.17117350583812824
15424,0.8234994771302919,0.009707134432882451,0.16679338843682567
15425,0.9608179591438761,0.010966322070014937,0.028215718786108932
15426,0.022780965648542366,0.0010403933856761515,0.9761786409657814
15427,0.8382840986268786,0.009879931121407651,0.15183597025171375
15428,0.9558209828686864,0.020988980268927603,0.023190036862385886
15429,0.6220520180957976,0.08819001055567907,0.28975797134852344
15430,0.8084769429101712,0.018893077188373172,0.17262997990145554
15431,0.9123438055183409,0.033291729228938166,0.05436446525272085
15432,0.6154086425401263,0.03292439337482658,0.3516669640850472
15433,0.9456883029556145,0.006987147158545649,0.04732454988583993
15434,0.31548477455831114,0.004478841073462548,0.6800363843682263
15435,0.14281339956560068,0.10579209121534373,0.7513945092190556
15436,0.9284225931817337,0.0062370824212153965,0.0653403243970508
15437,0.9828793410008506,0.006194157091877063,0.01092650190727227
15438,0.6354405555600601,0.016222670510066706,0.3483367739298733
15439,0.5944406502762624,0.02655990191002288,0.37899944781371464
15440,0.9245549936013823,0.007027627967274202,0.06841737843134355
15441,0.942202781159545,0.02116579103515909,0.03663142780529593
15442,0.9614611179255548,0.005939361940953799,0.032599520133491516
15443,0.8691949610330644,0.009480009807271511,0.12132502915966412
15444,0.8583326210314833,0.006880955022299938,0.1347864239462168
15445,0.40083354466019405,0.04938871261738213,0.5497777427224237
15446,0.9488751293364988,0.007675937600649987,0.04344893306285123
15447,0.7477556035057898,0.016419205024229975,0.2358251914699801
15448,0.912495418171444,0.013227319731123482,0.0742772620974325
15449,0.9326662675943626,0.006589596608259498,0.060744135797377974
15450,0.8928815247787866,0.04192957048430868,0.0651889047369048
15451,0.07128237150021384,0.058881105741134934,0.8698365227586512
15452,0.4697172099001194,0.041092213080898984,0.48919057701898166
15453,0.3241980109494307,0.05909903616637146,0.6167029528841979
15454,0.9532861129597392,0.004251971402738216,0.04246191563752263
15455,0.017407011544422136,0.0041235221089226,0.9784694663466553
15456,0.03652376777292754,0.004819033194125178,0.9586571990329472
15457,0.5333686894942578,0.03607552476567173,0.4305557857400704
15458,0.16265775348239875,0.019162292702034872,0.8181799538155664
15459,0.7376005752379209,0.02304530504726972,0.2393541197148093
15460,0.8842473034815425,0.018063082736262934,0.09768961378219462
15461,0.8381903989124615,0.012432159376364625,0.14937744171117392
15462,0.9356009046143547,0.012694309616806709,0.05170478576883858
15463,0.8905075184112574,0.0052031045657944105,0.10428937702294819
15464,0.9005159184195959,0.007531043364074245,0.09195303821632994
15465,0.7402336686047102,0.01481025940599877,0.24495607198929106
15466,0.28582083036053973,0.030982790757685303,0.6831963788817749
15467,0.028233757294378662,0.006563145047173514,0.9652030976584478
15468,0.4179072072100949,0.025383283577024386,0.5567095092128808
15469,0.9028109502454866,0.011303139321967614,0.08588591043254583
15470,0.7282058536540414,0.04330449924473914,0.2284896471012194
15471,0.34578691781000664,0.1882001270762429,0.46601295511375035
15472,0.04177203319378846,0.009943893419829078,0.9482840733863824
15473,0.9570221684256511,0.005845181107320348,0.037132650467028516
15474,0.8169843562143493,0.039818665926452196,0.14319697785919852
15475,0.924746092806411,0.0016907141595696553,0.07356319303401941
15476,0.9002413241479474,0.00684263997314601,0.09291603587890648
15477,0.9539154415786856,0.006259802548666471,0.03982475587264787
15478,0.7265376318349972,0.0452601834846499,0.2282021846803529
15479,0.9627316738422113,0.014064162979758044,0.023204163178030767
15480,0.7355783276945235,0.024291239170821766,0.2401304331346548
15481,0.9148715414856623,0.007985417377403397,0.07714304113693438
15482,0.9535695761717018,0.015989366947087056,0.030441056881211168
15483,0.9342660180022434,0.004152093483301116,0.06158188851445546
15484,0.880602815544469,0.02290160191930567,0.09649558253622542
15485,0.008095777397180193,0.020337160403692236,0.9715670621991276
15486,0.06642667103118592,0.0030106145344518578,0.9305627144343622
15487,0.9363722868757776,0.0059050695654508005,0.05772264355877165
15488,0.6265740273827433,0.3149288904523155,0.058497082164941296
15489,0.870432451433853,0.022762544082897684,0.10680500448324942
15490,0.12259122666461034,0.003455168377428248,0.8739536049579615
15491,0.9596454889537328,0.017176183437348495,0.02317832760891873
15492,0.13128826122410994,0.1693376500604352,0.6993740887154548
15493,0.9605981426682866,0.002402957173142153,0.0369989001585712
15494,0.9820916280728981,0.005963777693101587,0.011944594234000449
15495,0.7465217617357843,0.01737582336339782,0.23610241490081782
15496,0.6997466711129317,0.022553461221114835,0.27769986766595356
15497,0.9312667336133486,0.01835014268301341,0.05038312370363811
15498,0.9240568191972358,0.017981603857441682,0.05796157694532244
15499,0.9423828971978861,0.005712171329818704,0.05190493147229509
15500,0.34801007350167484,0.03635692751044004,0.6156329989878851
15501,0.5228822402762907,0.018922646374856394,0.45819511334885277
15502,0.4077203322216056,0.02495951378792976,0.5673201539904648
15503,0.8014709541376194,0.004247499868553248,0.19428154599382738
15504,0.7435522112030012,0.010991867090193482,0.2454559217068053
15505,0.6892232717584671,0.014513064003707396,0.2962636642378255
15506,0.967378013356472,0.011393632506764525,0.02122835413676347
15507,0.09827150260245705,0.007731265138450881,0.8939972322590921
15508,0.976900139996384,0.00468547548615212,0.01841438451746397
15509,0.08253942516447808,0.030487012702192142,0.8869735621333298
15510,0.07225905488144364,0.016391619042444478,0.9113493260761119
15511,0.9546348067335321,0.005653358334181747,0.039711834932286215
15512,0.8946040281905124,0.00509657943238592,0.10029939237710167
15513,0.9310092864026399,0.011932051793005664,0.05705866180435449
15514,0.41518397487861836,0.011289430675774632,0.573526594445607
15515,0.9261628146512667,0.019122452493937146,0.05471473285479615
15516,0.930362095570669,0.007348584395289288,0.06228932003404176
15517,0.9464183319401736,0.0058060407206204315,0.04777562733920603
15518,0.049164493547033915,0.005597565924798744,0.9452379405281673
15519,0.9460766551381121,0.014414298877221976,0.039509045984665966
15520,0.9244626538881857,0.022311054383075023,0.05322629172873936
15521,0.20392387927392164,0.6434521722385206,0.15262394848755778
15522,0.7128473737322168,0.00735301718962968,0.2797996090781535
15523,0.9788853500238188,0.008144264550227525,0.01297038542595366
15524,0.02913980087999762,0.014619461634201596,0.9562407374858007
15525,0.6068285673336433,0.02520895168321969,0.36796248098313705
15526,0.5649295656197871,0.0258370268953465,0.4092334074848663
15527,0.8243318907881806,0.011253784132431308,0.1644143250793881
15528,0.12904064500401738,0.010054087290888032,0.8609052677050946
15529,0.9518908606048286,0.005087133552781195,0.04302200584239021
15530,0.5543754269211059,0.20757012772478023,0.23805444535411394
15531,0.9632332611978495,0.008268473951789007,0.02849826485036151
15532,0.9387941440072185,0.005953296844711601,0.05525255914806994
15533,0.9696726303044835,0.0034807897825174738,0.026846579912999137
15534,0.9142542834434625,0.02290281143950064,0.06284290511703686
15535,0.882986869481475,0.019762032107265345,0.09725109841125976
15536,0.05762375951594005,0.00836664530656627,0.9340095951774938
15537,0.9325794971034216,0.008922798665903738,0.05849770423067476
15538,0.9580356532023744,0.00989103476986116,0.03207331202776453
15539,0.8423260937525943,0.013382900197064744,0.144291006050341
15540,0.9660059082773381,0.011868019717617792,0.022126072005044104
15541,0.9398173777411173,0.004710157345489008,0.05547246491339372
15542,0.962659524557001,0.008859185192045411,0.028481290250953546
15543,0.9334235276162216,0.02487621046724615,0.041700261916532144
15544,0.5920714205905937,0.13018733004504338,0.27774124936436284
15545,0.09321531405076582,0.015625090129618803,0.8911595958196153
15546,0.9501384739740115,0.022464345126152845,0.02739718089983559
15547,0.9687420724953718,0.002318941374730784,0.028938986129897416
15548,0.9589707069482442,0.01149536644829148,0.029533926603464402
15549,0.8949651522834747,0.014033546091227091,0.09100130162529825
15550,0.829157753925277,0.009900260385740914,0.16094198568898208
15551,0.06090873301872228,0.18296184579045877,0.7561294211908189
15552,0.6317828502557047,0.0422550372255957,0.32596211251869966
15553,0.04270565672459516,0.005932366085391654,0.9513619771900131
15554,0.18005315384952247,0.03428104012926212,0.7856658060212155
15555,0.9526482278304932,0.005077420884619145,0.0422743512848876
15556,0.5205470468835861,0.022147283045599892,0.4573056700708139
15557,0.9103792305851346,0.007849254771951943,0.08177151464291339
15558,0.33983086520502115,0.009508085494811898,0.650661049300167
15559,0.9556089824062088,0.011080743698609574,0.03331027389518154
15560,0.9408697794127655,0.0051542109610277715,0.053976009626206765
15561,0.3289671991130932,0.09546807018308437,0.5755647307038224
15562,0.9462206997311885,0.010929109198461805,0.04285019107034963
15563,0.7969912951425213,0.012385950005711306,0.1906227548517673
15564,0.060122507413084995,0.009222748391075593,0.9306547441958394
15565,0.922278586701825,0.020832025362274895,0.056889387935900086
15566,0.8739451998694113,0.01911962295156428,0.10693517717902436
15567,0.02273014073300667,0.006746574918619668,0.9705232843483738
15568,0.8542898452830635,0.011394573846969139,0.1343155808699673
15569,0.8783960549666817,0.012667423255149097,0.10893652177816922
15570,0.7054994185962898,0.018187666292959637,0.27631291511075057
15571,0.8907172962809048,0.004935541139878377,0.10434716257921685
15572,0.9132598039770722,0.0034872130526053067,0.08325298297032258
15573,0.7719917498882545,0.03144641617856102,0.19656183393318455
15574,0.876003743067953,0.06216237195306708,0.06183388497897992
15575,0.7288056201120198,0.018035732616424466,0.2531586472715558
15576,0.9320567666610267,0.007970006136239128,0.05997322720273418
15577,0.42799362999834056,0.12193951229112229,0.4500668577105371
15578,0.7532818737364435,0.013417050028710097,0.23330107623484633
15579,0.8442175471933344,0.08250100206895888,0.07328145073770662
15580,0.04295403830662433,0.01487770388231091,0.9421682578110647
15581,0.2024666805876587,0.013019449052927491,0.7845138703594138
15582,0.8267513017286368,0.012727816134031126,0.16052088213733207
15583,0.44639580476475743,0.00787401828707338,0.5457301769481693
15584,0.9674643123014789,0.006936538197388628,0.025599149501132547
15585,0.023913532311438283,0.01024626941781966,0.9658401982707421
15586,0.9570619979359083,0.014523880203766711,0.02841412186032491
15587,0.8326000603191562,0.018761618037216665,0.1486383216436271
15588,0.795884892918766,0.012523475030603104,0.19159163205063098
15589,0.9597183533161067,0.008926268096023,0.031355378587870394
15590,0.6739251290228283,0.016724863524396467,0.3093500074527752
15591,0.9748995578645427,0.00909465646712467,0.01600578566833263
15592,0.9475287390819216,0.0040953871024781265,0.048375873815600254
15593,0.11581963690279827,0.3790365459518933,0.5051438171453084
15594,0.9294308602266549,0.012124097415376702,0.05844504235796846
15595,0.9579982993642038,0.010138563723826571,0.031863136911969625
15596,0.4048876284360101,0.008848029746146902,0.586264341817843
15597,0.6586964114649428,0.021048883888194744,0.32025470464686245
15598,0.853591747867071,0.025200735954807697,0.12120751617812126
15599,0.01713628465515972,0.0024818867076562834,0.9803818286371839
15600,0.9683302001798386,0.007536001350313884,0.02413379846984755
15601,0.10852463104195927,0.0469187047029734,0.8445566642550674
15602,0.9374769567883331,0.01011128933857174,0.052411753873095226
15603,0.4607797866350508,0.3391702466667929,0.20004996669815622
15604,0.9585964384783554,0.005954179972190608,0.035449381549453964
15605,0.3329172014010391,0.5795035434399439,0.08757925515901706
15606,0.8017586469420598,0.006241401420722542,0.1919999516372177
15607,0.19776667394169797,0.010881091430745463,0.7913522346275565
